0903460866
0936666692
0938192000
0908859681
0903009969
01224944568
0909646093
0903926633
0903326099
0933362666
0903826751
0909984808
0906622650
0937318101
0907604056
0937498168
0932621692
0903988536
0903326787
0932471917
0908048185
0904765086
0909327512
0908623299
0906960715
0908240069
0903163678
0906600202
0902823134
0902823134
0909290639
0906782404
0908360689
0903936917
0903844771
0903846481
0909432434
0908828006
0903717247
0939333334
0939333334
01224788804
0909529668
0908107467
0906682968
0908630349
0908888548
0933034554
0907388407
0909992464
0903705898
0909159788
0907597565
0906982789
0909020034
0903814386
0909380878
0908165699
0903306165
0907660888
0909022288
0933907288
01267677379
0903380088
0903916263
0933658356
0903023138
012251206663
0903881289
0903719867
0903926633
0908501629
0909140650
0903903824
0903689314
0902569729
0909899592
01269559282
0908366464
0908119909
0902928838
0903149802
0908083727
0908688123
0902635688
0908541131
0907578711
01223679689
0907979504
0937498168
0903833753
0905756655
0908163823
0907999959
0937221004
0903834131
0907901487
0903696008
0907814585
01262969191
0907363777
01265929005
0903359258
0903163678
0908066671
0907976767
0903916689
0909707691
0909182488
0903323276
0903537727
0903964769
0908367292
0903908466
0907148921
0909346968
0903921069
0908567484
0908135231
0907438355
0908320329
0909092730
0903991646
0904422079
0938295394
0904739063
0907506976
0907148921
0903133272
0903351703
0908365395
0903131279
0908908181
0903137997
0908168952
0906678908
0907296868
0909992464
0938166666
0904483044
0903926633
0907530388
0904225451
0905901212
0934221978
0903804141
0903907378
0938339917
0903723929
0909777979
0903752275
0903920797
0939244555
0908679521
0909933040
0909992464
0908868444
0937880648
0902797979
0908852329
0909099942
0909274479
0906587579
0903665611
0933799333
0933627614
0903010664
0906348825
01217959343
0903623678
0903670092
09089249415
0908100222
0939876868
0935248735
0935248735
0903841313-38618069
0909346968
0933536886
0909452916
0932802544
0933592219
0906755575
0909234004
0907746851
0938881148
0908211356
0903911256
0908828006
0938.555.567
0904757309
0907341688
0909902506
0908917530
0903820717
0909298595
0904444536
0938345107
0935865868
0903806094
0908277419
0903140755
0909724427
0903912788
0904159580
0908603090
0908316112
0903685269
0909747235
0909597930
0902950206
0908000999
0909914428
0903194888
0908385327
0905940727
0904979026
0907081153
0905607282
