01667060155
0976580236
0979609173
0985569178
0962442985
0973796879
0976110188
01682944833
0988533012
0983311580
0979005312
0986038284
01687774363
01699929747
0979447988
0986742653
0973632737
0977388773
0989220087
0983979825
01696615375
01682268787
0983581166
0989351889
0978417717
0982555779
0982789125
0987161057
0983834969
01689940467
0987725741
0983516625
01655193529
01695054719
0983808189
0988657779
0982437710
0978777879
0968542307
0985359868
0982472589
0973537847
0987886469
0977545790
0974754256
0983716161
0986856112
0975582107
0986300369
0983734735
0983237082
0988129269
0974293744
0989324034
0983365204
0989181819
0985517775
0984307747
0983373345
01687608999
0983939169
0989078900
0989171058
0989138138
01696908809
0982597959
0975929924
0988254040
0986306446
0984185902
0989678785
0976483060
0985200200
01696189081
0982255297
01663733335
0989115199
0862960059
0968958777
0983504095
0987375731
0976848679
01699853191
0983353905
0982424514
0972873434
0986661913
0979830057
0984727281
0976525054
