0919321217
0918500099
0947055659
0916430497
0913679090
0912848501
09474899999
0918073227
0919524163
0949242724
0918095813
0918695559
0913917105
0914919999
0916044767
0919694142
0913849391
0913450390
0913457643
0944234249
0918158093
0918032008
0918504979
0913914772
01239090909
01239090909
01236976229
0918119566
0913654654
01257728518
0914194979
01259208163
0913836838
0913789361
0919963015
0919850192
0919100092
0913736468
0918208282
0913444703
0918089527
0913113424
0918131173
0913499305
0918063085
09130715474
0918879861
0918413967
0917538168
0918809888
0918797575
0949596978
0915678448
0918313990
0918500099
0945797881
0913910145
0919104799
0913802510
0947444868
0943993777
0918918963
0942696696
0919551469
0913732341
0913964129
0948780458
0918341305
